N: 39875
mean: 0.536330
std: 0.194738
min: 0.022446
p50: 0.485180
p90: 0.798133
p95: 0.942372
p99: 1.203674
p995: 1.304858
p999: 1.502187
max: 2.588748
share_gt_0_99: 0.038470
share_gt_1_00: 0.036439
share_gt_1_20: 0.010332
share_gt_1_50: 0.001053
